{
 "ScreenPositions": {
  "MaxHeightX": 0.003125,
  "MaxHeightY": 0.31296296296296294,
  "CurrentMapX": 0.003125,
  "CurrentMapY": 0.29259259259259257,
  "BlocksTillMaxX": 0.003125,
  "BlocksTillMaxY": 0.3333333333333333
 }
}